(mid, 'name', "nameus", type, class, power, target, acc, pp, prio, freq, ctrate),
(1, '拍打', "Pound", 5, 1, 40, 1, 100, 35, 0, 0, 0),
(2, '空手刀', "Karate Chop", 6, 1, 50, 1, 100, 25, 0, 0, 1),
(3, '往复拍打', "Double Slap", 5, 1, 15, 1, 85, 10, 0, 25, 0),
(4, '连续拳', "Comet Punch", 5, 1, 18, 1, 85, 15, 0, 25, 0),
(5, '百万拳击', "Mega Punch", 5, 1, 80, 1, 85, 20, 0, 0, 0),
(6, '招财猫', "Pay Day", 5, 1, 40, 1, 100, 20, 0, 0, 0),
(7, '火焰拳', "Fire Punch", 1, 1, 75, 1, 100, 15, 0, 0, 0),
(8, '冷冻拳', "Ice Punch", 13, 1, 75, 1, 100, 15, 0, 0, 0),
(9, '雷电拳', "Thunder Punch", 4, 1, 75, 1, 100, 15, 0, 0, 0),
(10, '抓', "Scratch", 5, 1, 40, 1, 100, 35, 0, 0, 0),
(11, '夹', "Vice Grip", 5, 1, 55, 1, 100, 30, 0, 0, 0),
(12, '剪刀断头台', "Guillotine", 5, 1, 1, 1, 30, 5, 0, 0, 0),
(13, '镰鼬风', "Razor Wind", 5, 2, 80, 6, 100, 10, 0, 0, 1),
(14, '剑之舞', "Swords Dance", 5, 0, 0, 8, 101, 20, 0, 0, 0),
(15, '居合斩', "Cut", 5, 1, 50, 1, 95, 30, 0, 0, 0),
(16, '起风', "Gust", 7, 2, 40, 1, 100, 35, 0, 0, 0),
(17, '翅膀拍击', "Wing Attack", 7, 1, 60, 1, 100, 35, 0, 0, 0),
(18, '吹飞', "Whirlwind", 5, 0, 0, 1, 101, 20, 0, 0, 0),
(19, '飞空', "Fly", 7, 1, 90, 1, 95, 15, 0, 0, 0),
(20, '勒住', "Bind", 5, 1, 15, 1, 85, 20, 0, 0, 0),
(21, '打倒', "Slam", 5, 1, 80, 1, 75, 20, 0, 0, 0),
(22, '藤鞭', "Vine Whip", 3, 1, 45, 1, 100, 25, 0, 0, 0),
(23, '践踏', "Stomp", 5, 1, 65, 1, 100, 20, 0, 0, 0),
(24, '连环踢', "Double Kick", 6, 1, 30, 1, 100, 30, 0, 22, 0),
(25, '百万腿踢', "Mega Kick", 5, 1, 120, 1, 75, 5, 0, 0, 0),
(26, '飞踢', "Jump Kick", 6, 1, 100, 1, 95, 10, 0, 0, 0),
(27, '回旋踢', "Rolling Kick", 6, 1, 60, 1, 85, 15, 0, 0, 0),
(28, '扔沙', "Sand Attack", 11, 0, 0, 1, 100, 15, 0, 0, 0),
(29, '头槌', "Headbutt", 5, 1, 70, 1, 100, 15, 0, 0, 0),
(30, '角突', "Horn Attack", 5, 1, 65, 1, 100, 25, 0, 0, 0),
(31, '乱突', "Fury Attack", 5, 1, 15, 1, 85, 20, 0, 25, 0),
(32, '尖角钻', "Horn Drill", 5, 1, 1, 1, 30, 5, 0, 0, 0),
(33, '撞击', "Tackle", 5, 1, 50, 1, 100, 35, 0, 0, 0),
(34, '压制', "Body Slam", 5, 1, 85, 1, 100, 15, 0, 0, 0),
(35, '卷紧', "Wrap", 5, 1, 15, 1, 90, 20, 0, 0, 0),
(36, '突进', "Take Down", 5, 1, 90, 1, 85, 20, 0, 0, 0),
(37, '暴走', "Thrash", 5, 1, 120, 10, 100, 10, 0, 0, 0),
(38, '舍身撞', "Double-Edge", 5, 1, 120, 1, 100, 15, 0, 0, 0),
(39, '甩尾', "Tail Whip", 5, 0, 0, 6, 100, 30, 0, 0, 0),
(40, '毒针', "Poison Sting", 9, 1, 15, 1, 100, 35, 0, 0, 0),
(41, '双针', "Twineedle", 8, 1, 25, 1, 100, 20, 0, 22, 0),
(42, '导弹针', "Pin Missile", 8, 1, 25, 1, 95, 20, 0, 25, 0),
(43, '瞪眼', "Leer", 5, 0, 0, 6, 100, 30, 0, 0, 0),
(44, '啃咬', "Bite", 15, 1, 60, 1, 100, 25, 0, 0, 0),
(45, '叫声', "Growl", 5, 0, 0, 6, 100, 40, 0, 0, 0),
(46, '吼叫', "Roar", 5, 0, 0, 1, 101, 20, 0, 0, 0),
(47, '歌唱', "Sing", 5, 0, 0, 1, 55, 15, 0, 0, 0),
(48, '超音波', "Supersonic", 5, 0, 0, 1, 55, 20, 0, 0, 0),
(49, '音波爆', "Sonic Boom", 5, 2, 1, 1, 90, 20, 0, 0, 0),
(50, '残废', "Disable", 5, 0, 0, 1, 100, 20, 0, 0, 0),
(51, '溶解液', "Acid", 9, 2, 40, 6, 100, 30, 0, 0, 0),
(52, '火苗', "Ember", 1, 2, 40, 1, 100, 25, 0, 0, 0),
(53, '火焰放射', "Flamethrower", 1, 2, 90, 1, 100, 15, 0, 0, 0),
(54, '白雾', "Mist", 13, 0, 0, 13, 101, 30, 0, 0, 0),
(55, '水枪', "Water Gun", 2, 2, 40, 1, 100, 25, 0, 0, 0),
(56, '水压', "Hydro Pump", 2, 2, 110, 1, 80, 5, 0, 0, 0),
(57, '冲浪', "Surf", 2, 2, 90, 5, 100, 15, 0, 0, 0),
(58, '冷冻光线', "Ice Beam", 13, 2, 90, 1, 100, 10, 0, 0, 0),
(59, '暴风雪', "Blizzard", 13, 2, 110, 6, 70, 5, 0, 0, 0),
(60, '精神光线', "Psybeam", 14, 2, 65, 1, 100, 20, 0, 0, 0),
(61, '泡沫光线', "Bubble Beam", 2, 2, 65, 1, 100, 20, 0, 0, 0),
(62, '极光光线', "Aurora Beam", 13, 2, 65, 1, 100, 20, 0, 0, 0),
(63, '破坏光线', "Hyper Beam", 5, 2, 150, 1, 90, 5, 0, 0, 0),
(64, '啄', "Peck", 7, 1, 35, 1, 100, 35, 0, 0, 0),
(65, '钻孔啄', "Drill Peck", 7, 1, 80, 1, 100, 20, 0, 0, 0),
(66, '地狱车', "Submission", 6, 1, 80, 1, 80, 25, 0, 0, 0),
(67, '过肩摔', "Low Kick", 6, 1, 1, 1, 100, 20, 0, 0, 0),
(68, '反击', "Counter", 6, 1, 1, 14, 100, 20, 0, 0, 0),
(69, '地球投', "Seismic Toss", 6, 1, 1, 1, 100, 20, 0, 0, 0),
(70, '怪力', "Strength", 5, 1, 80, 1, 100, 15, 0, 0, 0),
(71, '吸取', "Absorb", 3, 2, 20, 1, 100, 25, 0, 0, 0),
(72, '百万吸取', "Mega Drain", 3, 2, 40, 1, 100, 15, 0, 0, 0),
(73, '寄生种子', "Leech Seed", 3, 0, 0, 1, 90, 10, 0, 0, 0),
(74, '成长', "Growth", 5, 0, 0, 8, 101, 20, 0, 0, 0),
(75, '飞叶斩', "Razor Leaf", 3, 1, 55, 6, 95, 25, 0, 0, 1),
(76, '太阳光线', "Solar Beam", 3, 2, 120, 1, 100, 10, 0, 0, 0),
(77, '毒粉', "Poison Powder", 9, 0, 0, 1, 75, 35, 0, 0, 0),
(78, '麻痹粉', "Stun Spore", 3, 0, 0, 1, 75, 30, 0, 0, 0),
(79, '催眠粉', "Sleep Powder", 3, 0, 0, 1, 75, 15, 0, 0, 0),
(80, '花瓣舞', "Petal Dance", 3, 2, 120, 10, 100, 10, 0, 0, 0),
(81, '吐丝', "String Shot", 8, 0, 0, 6, 95, 40, 0, 0, 0),
(82, '龙之怒', "Dragon Rage", 17, 2, 1, 1, 100, 10, 0, 0, 0),
(83, '火旋涡', "Fire Spin", 1, 2, 35, 1, 85, 15, 0, 0, 0),
(84, '电击', "Thunder Shock", 4, 2, 40, 1, 100, 30, 0, 0, 0),
(85, '十万伏特', "Thunderbolt", 4, 2, 90, 1, 100, 15, 0, 0, 0),
(86, '电磁波', "Thunder Wave", 4, 0, 0, 1, 100, 20, 0, 0, 0),
(87, '雷电', "Thunder", 4, 2, 110, 1, 70, 10, 0, 0, 0),
(88, '落石', "Rock Throw", 10, 1, 50, 1, 90, 15, 0, 0, 0),
(89, '地震', "Earthquake", 11, 1, 100, 5, 100, 10, 0, 0, 0),
(90, '地裂', "Fissure", 11, 1, 1, 1, 30, 5, 0, 0, 0),
(91, '挖洞', "Dig", 11, 1, 80, 1, 100, 10, 0, 0, 0),
(92, '剧毒', "Toxic", 9, 0, 0, 1, 90, 10, 0, 0, 0),
(93, '念力', "Confusion", 14, 2, 50, 1, 100, 25, 0, 0, 0),
(94, '精神干扰', "Psychic", 14, 2, 90, 1, 100, 10, 0, 0, 0),
(95, '催眠术', "Hypnosis", 14, 0, 0, 1, 60, 20, 0, 0, 0),
(96, '瑜珈之形', "Meditate", 14, 0, 0, 8, 101, 40, 0, 0, 0),
(97, '高速移动', "Agility", 14, 0, 0, 8, 101, 30, 0, 0, 0),
(98, '电光石火', "Quick Attack", 5, 1, 40, 1, 100, 30, 1, 0, 0),
(99, '愤怒', "Rage", 5, 1, 20, 1, 100, 20, 0, 0, 0),
(100, '瞬间移动', "Teleport", 14, 0, 0, 8, 101, 20, 0, 0, 0),
(101, '黑夜魔影', "Night Shade", 16, 2, 1, 1, 100, 15, 0, 0, 0),
(102, '模仿', "Mimic", 5, 0, 0, 1, 100, 10, 0, 0, 0),
(103, '噪音', "Screech", 5, 0, 0, 1, 85, 40, 0, 0, 0),
(104, '影分身', "Double Team", 5, 0, 0, 8, 101, 15, 0, 0, 0),
(105, '自我再生', "Recover", 5, 0, 0, 8, 101, 10, 0, 0, 0),
(106, '变硬', "Harden", 5, 0, 0, 8, 101, 30, 0, 0, 0),
(107, '变小', "Minimize", 5, 0, 0, 8, 101, 10, 0, 0, 0),
(108, '烟幕', "Smokescreen", 5, 0, 0, 1, 100, 20, 0, 0, 0),
(109, '怪异光线', "Confuse Ray", 16, 0, 0, 1, 100, 10, 0, 0, 0),
(110, '躲进贝壳', "Withdraw", 2, 0, 0, 8, 101, 40, 0, 0, 0),
(111, '变圆', "Defense Curl", 5, 0, 0, 8, 101, 40, 0, 0, 0),
(112, '栅栏', "Barrier", 14, 0, 0, 8, 101, 20, 0, 0, 0),
(113, '光之壁', "Light Screen", 14, 0, 0, 13, 101, 30, 0, 0, 0),
(114, '黑雾', "Haze", 13, 0, 0, 11, 101, 30, 0, 0, 0),
(115, '反射盾', "Reflect", 14, 0, 0, 13, 101, 20, 0, 0, 0),
(116, '蓄气', "Focus Energy", 5, 0, 0, 8, 101, 30, 0, 0, 0),
(117, '克制', "Bide", 5, 1, 1, 8, 100, 10, 1, 0, 0),
(118, '摇手指', "Metronome", 5, 0, 0, 8, 101, 10, 0, 0, 0),
(119, '鹦鹉学舌', "Mirror Move", 7, 0, 0, 1, 101, 20, 0, 0, 0),
(120, '自爆', "Self-Destruct", 5, 1, 200, 5, 100, 5, 0, 0, 0),
(121, '蛋蛋爆弹', "Egg Bomb", 5, 1, 100, 1, 75, 10, 0, 0, 0),
(122, '舌舔', "Lick", 16, 1, 30, 1, 100, 30, 0, 0, 0),
(123, '毒雾', "Smog", 9, 2, 30, 1, 70, 20, 0, 0, 0),
(124, '淤泥攻击', "Sludge", 9, 2, 65, 1, 100, 20, 0, 0, 0),
(125, '骨头棍', "Bone Club", 11, 1, 65, 1, 85, 20, 0, 0, 0),
(126, '大字火', "Fire Blast", 1, 2, 110, 1, 85, 5, 0, 0, 0),
(127, '登瀑', "Waterfall", 2, 1, 80, 1, 100, 15, 0, 0, 0),
(128, '贝壳夹', "Clamp", 2, 1, 35, 1, 85, 10, 0, 0, 0),
(129, '迅星', "Swift", 5, 2, 60, 6, 101, 20, 0, 0, 0),
(130, '火箭头槌', "Skull Bash", 5, 1, 130, 1, 100, 10, 0, 0, 0),
(131, '尖刺加农炮', "Spike Cannon", 5, 1, 20, 1, 100, 15, 0, 25, 0),
(132, '缠绕', "Constrict", 5, 1, 10, 1, 100, 35, 0, 0, 0),
(133, '超级健忘', "Amnesia", 14, 0, 0, 8, 101, 20, 0, 0, 0),
(134, '弄弯匙子', "Kinesis", 14, 0, 0, 1, 80, 15, 0, 0, 0),
(135, '生蛋', "Soft-Boiled", 5, 0, 0, 8, 101, 10, 0, 0, 0),
(136, '飞膝踢', "High Jump Kick", 6, 1, 130, 1, 90, 10, 0, 0, 0),
(137, '蛇瞪眼', "Glare", 5, 0, 0, 1, 100, 30, 0, 0, 0),
(138, '食梦', "Dream Eater", 14, 2, 100, 1, 100, 15, 0, 0, 0),
(139, '毒瓦斯', "Poison Gas", 9, 0, 0, 6, 90, 40, 0, 0, 0),
(140, '扔蛋', "Barrage", 5, 1, 15, 1, 85, 20, 0, 25, 0),
(141, '吸血', "Leech Life", 8, 1, 20, 1, 100, 15, 0, 0, 0),
(142, '恶魔之吻', "Lovely Kiss", 5, 0, 0, 1, 75, 10, 0, 0, 0),
(143, '神鸟', "Sky Attack", 7, 1, 140, 1, 90, 5, 0, 0, 1),
(144, '变身', "Transform", 5, 0, 0, 1, 101, 10, 0, 0, 0),
(145, '水泡', "Bubble", 2, 2, 40, 6, 100, 30, 0, 0, 0),
(146, '飘飘拳', "Dizzy Punch", 5, 1, 70, 1, 100, 10, 0, 0, 0),
(147, '蘑菇孢子', "Spore", 3, 0, 0, 1, 100, 15, 0, 0, 0),
(148, '闪光', "Flash", 5, 0, 0, 1, 100, 20, 0, 0, 0),
(149, '精神波动', "Psywave", 14, 2, 1, 1, 100, 15, 0, 0, 0),
(150, '弹跳', "Splash", 5, 0, 0, 8, 101, 40, 0, 0, 0),
(151, '溶化', "Acid Armor", 9, 0, 0, 8, 101, 20, 0, 0, 0),
(152, '蟹钳锤', "Crabhammer", 2, 1, 100, 1, 90, 10, 0, 0, 1),
(153, '大爆炸', "Explosion", 5, 1, 250, 5, 100, 5, 0, 0, 0),
(154, '乱抓', "Fury Swipes", 5, 1, 18, 1, 80, 15, 0, 25, 0),
(155, '骨头回旋镖', "Bonemerang", 11, 1, 50, 1, 90, 10, 0, 22, 0),
(156, '睡眠', "Rest", 14, 0, 0, 8, 101, 10, 0, 0, 0),
(157, '岩崩', "Rock Slide", 10, 1, 75, 6, 90, 10, 0, 0, 0),
(158, '必杀门牙', "Hyper Fang", 5, 1, 80, 1, 90, 15, 0, 0, 0),
(159, '变方', "Sharpen", 5, 0, 0, 8, 101, 30, 0, 0, 0),
(160, '属性切换', "Conversion", 5, 0, 0, 8, 101, 30, 0, 0, 0),
(161, '三角攻击', "Tri Attack", 5, 2, 80, 1, 100, 10, 0, 0, 0),
(162, '愤怒门牙', "Super Fang", 5, 1, 1, 1, 90, 10, 0, 0, 0),
(163, '切裂', "Slash", 5, 1, 70, 1, 100, 20, 0, 0, 1),
(164, '替身', "Substitute", 5, 0, 0, 8, 101, 10, 0, 0, 0),
(165, '拼命', "Struggle", 5, 1, 50, 1, 100, 1, 0, 0, 0),
(166, '素描', "Sketch", 5, 0, 0, 1, 101, 1, 0, 0, 0),
(167, '三连踢', "Triple Kick", 6, 1, 10, 1, 90, 10, 0, 33, 0),
(168, '偷盗', "Thief", 15, 1, 60, 1, 100, 25, 0, 0, 0),
(169, '蜘蛛网', "Spider Web", 8, 0, 0, 1, 100, 10, 0, 0, 0),
(170, '心眼', "Mind Reader", 5, 0, 0, 1, 100, 5, 0, 0, 0),
(171, '噩梦', "Nightmare", 16, 0, 0, 1, 100, 15, 0, 0, 0),
(172, '火焰车', "Flame Wheel", 1, 1, 60, 1, 100, 25, 0, 0, 0),
(173, '鼾声', "Snore", 5, 2, 50, 1, 100, 15, 0, 0, 0),
(174, '诅咒', "Curse", 16, 0, 0, 14, 101, 10, 0, 0, 0),
(175, '垂死挣扎', "Flail", 5, 1, 1, 1, 100, 15, 0, 0, 0),
(176, '属性切换２', "Conversion 2", 5, 0, 0, 1, 100, 30, 0, 0, 0),
(177, '空中爆破', "Aeroblast", 7, 2, 100, 1, 95, 5, 0, 0, 1),
(178, '棉花孢子', "Cotton Spore", 3, 0, 0, 1, 100, 40, 0, 0, 0),
(179, '起死回生', "Reversal", 6, 1, 1, 1, 100, 15, 0, 0, 0),
(180, '恨', "Spite", 16, 0, 0, 1, 100, 10, 0, 0, 0),
(181, '细雪', "Powder Snow", 13, 2, 40, 6, 100, 25, 0, 0, 0),
(182, '保护', "Protect", 5, 0, 0, 8, 101, 10, 4, 0, 0),
(183, '音速拳', "Mach Punch", 6, 1, 40, 1, 100, 30, 1, 0, 0),
(184, '恐惧颜', "Scary Face", 5, 0, 0, 1, 100, 10, 0, 0, 0),
(185, '暗算', "Feint Attack", 15, 1, 60, 1, 101, 20, 0, 0, 0),
(186, '天使之吻', "Sweet Kiss", 18, 0, 0, 1, 75, 10, 0, 0, 0),
(187, '腹鼓', "Belly Drum", 5, 0, 0, 8, 101, 10, 0, 0, 0),
(188, '淤泥爆弹', "Sludge Bomb", 9, 2, 90, 1, 100, 10, 0, 0, 0),
(189, '扔泥', "Mud-Slap", 11, 2, 20, 1, 100, 10, 0, 0, 0),
(190, '墨汁炮', "Octazooka", 2, 2, 65, 1, 85, 10, 0, 0, 0),
(191, '撒菱', "Spikes", 11, 0, 0, 12, 101, 20, 0, 0, 0),
(192, '电磁炮', "Zap Cannon", 4, 2, 120, 1, 50, 5, 0, 0, 0),
(193, '识破', "Foresight", 5, 0, 0, 1, 100, 40, 0, 0, 0),
(194, '同旅', "Destiny Bond", 16, 0, 0, 8, 101, 5, 0, 0, 0),
(195, '灭亡之歌', "Perish Song", 5, 0, 0, 9, 101, 5, 0, 0, 0),
(196, '冰冻之风', "Icy Wind", 13, 2, 55, 6, 95, 15, 0, 0, 0),
(197, '见切', "Detect", 6, 0, 0, 8, 101, 5, 4, 0, 0),
(198, '骨头冲锋', "Bone Rush", 11, 1, 25, 1, 90, 10, 0, 25, 0),
(199, '锁定', "Lock-On", 5, 0, 0, 1, 100, 5, 0, 0, 0),
(200, '逆鳞', "Outrage", 17, 1, 120, 10, 100, 10, 0, 0, 0),
(201, '沙暴', "Sandstorm", 10, 0, 0, 11, 101, 10, 0, 0, 0),
(202, '亿万吸取', "Giga Drain", 3, 2, 75, 1, 100, 10, 0, 0, 0),
(203, '忍耐', "Endure", 5, 0, 0, 8, 101, 10, 4, 0, 0),
(204, '撒娇', "Charm", 18, 0, 0, 1, 100, 20, 0, 0, 0),
(205, '滚动', "Rollout", 10, 1, 30, 1, 90, 20, 0, 0, 0),
(206, '刀背打', "False Swipe", 5, 1, 40, 1, 100, 40, 0, 0, 0),
(207, '虚张声势', "Swagger", 5, 0, 0, 1, 90, 15, 0, 0, 0),
(208, '饮奶', "Milk Drink", 5, 0, 0, 8, 101, 10, 0, 0, 0),
(209, '电火花', "Spark", 4, 1, 65, 1, 100, 20, 0, 0, 0),
(210, '连续切', "Fury Cutter", 8, 1, 40, 1, 95, 20, 0, 0, 0),
(211, '钢之翼', "Steel Wing", 12, 1, 70, 1, 90, 25, 0, 0, 0),
(212, '黑眼神', "Mean Look", 5, 0, 0, 1, 100, 5, 0, 0, 0),
(213, '着迷', "Attract", 5, 0, 0, 1, 100, 15, 0, 0, 0),
(214, '梦话', "Sleep Talk", 5, 0, 0, 8, 101, 10, 0, 0, 0),
(215, '治愈之铃', "Heal Bell", 5, 0, 0, 7, 101, 5, 0, 0, 0),
(216, '报恩', "Return", 5, 1, 1, 1, 100, 20, 0, 0, 0),
(217, '礼物', "Present", 5, 1, 1, 1, 90, 15, 0, 0, 0),
(218, '撒气', "Frustration", 5, 1, 1, 1, 100, 20, 0, 0, 0),
(219, '神秘守护', "Safeguard", 5, 0, 0, 13, 101, 25, 0, 0, 0),
(220, '痛苦平分', "Pain Split", 5, 0, 0, 1, 100, 20, 0, 0, 0),
(221, '神圣火焰', "Sacred Fire", 1, 1, 100, 1, 95, 5, 0, 0, 0),
(222, '震级变化', "Magnitude", 11, 1, 1, 5, 100, 30, 0, 0, 0),
(223, '爆裂拳', "Dynamic Punch", 6, 1, 100, 1, 50, 5, 0, 0, 0),
(224, '百万角击', "Megahorn", 8, 1, 120, 1, 85, 10, 0, 0, 0),
(225, '龙之吐息', "Dragon Breath", 17, 2, 60, 1, 100, 20, 0, 0, 0),
(226, '接力棒', "Baton Pass", 5, 0, 0, 8, 101, 40, 0, 0, 0),
(227, '鼓掌', "Encore", 5, 0, 0, 1, 100, 5, 0, 0, 0),
(228, '追击', "Pursuit", 15, 1, 40, 1, 100, 20, 0, 0, 0),
(229, '高速旋转', "Rapid Spin", 5, 1, 20, 1, 100, 40, 0, 0, 0),
(230, '香甜气息', "Sweet Scent", 5, 0, 0, 6, 100, 20, 0, 0, 0),
(231, '铁尾', "Iron Tail", 12, 1, 100, 1, 75, 15, 0, 0, 0),
(232, '金属爪', "Metal Claw", 12, 1, 50, 1, 95, 35, 0, 0, 0),
(233, '当身投', "Vital Throw", 6, 1, 70, 1, 101, 10, 0, 0, 0),
(234, '朝之阳', "Morning Sun", 5, 0, 0, 8, 101, 5, 0, 0, 0),
(235, '光合作用', "Synthesis", 3, 0, 0, 8, 101, 5, 0, 0, 0),
(236, '月之光', "Moonlight", 18, 0, 0, 8, 101, 5, 0, 0, 0),
(237, '觉醒力量', "Hidden Power", 5, 2, 60, 1, 100, 15, 0, 0, 0),
(238, '十字切', "Cross Chop", 6, 1, 100, 1, 80, 5, 0, 0, 1),
(239, '龙卷风', "Twister", 17, 2, 40, 6, 100, 20, 0, 0, 0),
(240, '祈雨', "Rain Dance", 2, 0, 0, 11, 101, 5, 0, 0, 0),
(241, '放晴', "Sunny Day", 1, 0, 0, 11, 101, 5, 0, 0, 0),
(242, '咬碎', "Crunch", 15, 1, 80, 1, 100, 15, 0, 0, 0),
(243, '镜面反射', "Mirror Coat", 14, 2, 1, 14, 100, 20, 0, 0, 0),
(244, '自我暗示', "Psych Up", 5, 0, 0, 1, 101, 10, 0, 0, 0),
(245, '神速', "Extreme Speed", 5, 1, 80, 1, 100, 5, 2, 0, 0),
(246, '原始力量', "Ancient Power", 10, 2, 60, 1, 100, 5, 0, 0, 0),
(247, '阴影球', "Shadow Ball", 16, 2, 80, 1, 100, 15, 0, 0, 0),
(248, '预知未来', "Future Sight", 14, 2, 120, 1, 100, 10, 0, 0, 0),
(249, '碎岩', "Rock Smash", 6, 1, 40, 1, 100, 15, 0, 0, 0),
(250, '漩涡', "Whirlpool", 2, 2, 35, 1, 85, 15, 0, 0, 0),
(251, '围攻', "Beat Up", 15, 1, 1, 1, 100, 10, 0, 99, 0),
(252, '下马威', "Fake Out", 5, 1, 40, 1, 100, 10, 3, 0, 0),
(253, '吵闹', "Uproar", 5, 2, 90, 10, 100, 10, 0, 0, 0),
(254, '能量储存', "Stockpile", 5, 0, 0, 8, 101, 20, 0, 0, 0),
(255, '能量释放', "Spit Up", 5, 2, 1, 1, 100, 10, 0, 0, 0),
(256, '能量吸入', "Swallow", 5, 0, 0, 8, 101, 10, 0, 0, 0),
(257, '热风', "Heat Wave", 1, 2, 95, 6, 90, 10, 0, 0, 0),
(258, '冰雹', "Hail", 13, 0, 0, 11, 101, 10, 0, 0, 0),
(259, '寻衅', "Torment", 15, 0, 0, 1, 100, 15, 0, 0, 0),
(260, '煽动', "Flatter", 15, 0, 0, 1, 100, 15, 0, 0, 0),
(261, '鬼火', "Will-O-Wisp", 1, 0, 0, 1, 85, 15, 0, 0, 0),
(262, '临别礼物', "Memento", 15, 0, 0, 1, 100, 10, 0, 0, 0),
(263, '空元气', "Facade", 5, 1, 70, 1, 100, 20, 0, 0, 0),
(264, '气合拳', "Focus Punch", 6, 1, 150, 1, 100, 20, 0, 0, 0),
(265, '清醒', "Smelling Salts", 5, 1, 70, 1, 100, 10, 0, 0, 0),
(266, '跟我来', "Follow Me", 5, 0, 0, 8, 100, 20, 3, 0, 0),
(267, '自然力量', "Nature Power", 5, 0, 0, 14, 101, 20, 0, 0, 0),
(268, '充电', "Charge", 4, 0, 0, 8, 101, 20, 0, 0, 0),
(269, '挑拨', "Taunt", 15, 0, 0, 1, 100, 20, 0, 0, 0),
(270, '帮手', "Helping Hand", 5, 0, 0, 3, 101, 20, 5, 0, 0),
(271, '戏法', "Trick", 14, 0, 0, 1, 100, 10, 0, 0, 0),
(272, '换装', "Role Play", 14, 0, 0, 1, 101, 10, 0, 0, 0),
(273, '许愿', "Wish", 5, 0, 0, 8, 101, 10, 0, 0, 0),
(274, '猫之手', "Assist", 5, 0, 0, 8, 101, 20, 0, 0, 0),
(275, '扎根', "Ingrain", 3, 0, 0, 8, 101, 20, 0, 0, 0),
(276, '蛮力', "Superpower", 6, 1, 120, 1, 100, 5, 0, 0, 0),
(277, '魔装反射', "Magic Coat", 14, 0, 0, 8, 101, 15, 4, 0, 0),
(278, '道具回收', "Recycle", 5, 0, 0, 8, 100, 10, 0, 0, 0),
(279, '复仇', "Revenge", 6, 1, 60, 1, 100, 10, 0, 0, 0),
(280, '瓦割', "Brick Break", 6, 1, 75, 1, 100, 15, 0, 0, 0),
(281, '哈欠', "Yawn", 5, 0, 0, 1, 100, 10, 0, 0, 0),
(282, '打落', "Knock Off", 15, 1, 65, 1, 100, 20, 0, 0, 0),
(283, '莽撞', "Endeavor", 5, 1, 1, 1, 100, 5, 0, 0, 0),
(284, '喷火', "Eruption", 1, 2, 0, 6, 100, 5, 0, 0, 0),
(285, '特性交换', "Skill Swap", 14, 0, 0, 1, 100, 10, 0, 0, 0),
(286, '封印', "Imprison", 14, 0, 0, 8, 100, 10, 0, 0, 0),
(287, '精神回复', "Refresh", 5, 0, 0, 8, 100, 20, 0, 0, 0),
(288, '怨念', "Grudge", 16, 0, 0, 8, 100, 5, 0, 0, 0),
(289, '抢夺', "Snatch", 15, 0, 0, 8, 100, 10, 4, 0, 0),
(290, '秘密力量', "Secret Power", 5, 1, 70, 1, 100, 20, 0, 0, 0),
(291, '潜水', "Dive", 2, 1, 80, 1, 100, 10, 0, 0, 0),
(292, '突张', "Arm Thrust", 6, 1, 15, 1, 100, 20, 0, 25, 0),
(293, '保护色', "Camouflage", 5, 0, 0, 8, 100, 20, 0, 0, 0),
(294, '萤火', "Tail Glow", 8, 0, 0, 8, 100, 20, 0, 0, 0),
(295, '光栅净化', "Luster Purge", 14, 2, 70, 1, 100, 5, 0, 0, 0),
(296, '迷雾球', "Mist Ball", 14, 2, 70, 1, 100, 5, 0, 0, 0),
(297, '羽毛舞', "Feather Dance", 7, 0, 0, 1, 100, 15, 0, 0, 0),
(298, '草裙舞', "Teeter Dance", 5, 0, 0, 5, 100, 20, 0, 0, 0),
(299, '火花踢', "Blaze Kick", 1, 1, 85, 1, 90, 10, 0, 0, 1),
(300, '玩泥', "Mud Sport", 11, 0, 0, 11, 100, 15, 0, 0, 0),
(301, '冰球', "Ice Ball", 13, 1, 30, 1, 90, 20, 0, 0, 0),
(302, '针刺臂膀', "Needle Arm", 3, 1, 60, 1, 100, 15, 0, 0, 0),
(303, '偷懒', "Slack Off", 5, 0, 0, 8, 100, 10, 0, 0, 0),
(304, '高级噪音', "Hyper Voice", 5, 2, 90, 6, 100, 10, 0, 0, 0),
(305, '剧毒之牙', "Poison Fang", 9, 1, 50, 1, 100, 15, 0, 0, 0),
(306, '崩击之爪', "Crush Claw", 5, 1, 75, 1, 95, 10, 0, 0, 0),
(307, '爆裂燃烧', "Blast Burn", 1, 2, 150, 1, 90, 5, 0, 0, 0),
(308, '水压加农', "Hydro Cannon", 2, 2, 150, 1, 90, 5, 0, 0, 0),
(309, '彗星拳', "Meteor Mash", 12, 1, 90, 1, 90, 10, 0, 0, 0),
(310, '恐吓', "Astonish", 16, 1, 30, 1, 100, 15, 0, 0, 0),
(311, '气象球', "Weather Ball", 5, 2, 50, 1, 100, 10, 0, 0, 0),
(312, '芳香疗法', "Aromatherapy", 3, 0, 0, 7, 101, 5, 0, 0, 0),
(313, '假哭', "Fake Tears", 15, 0, 0, 1, 100, 20, 0, 0, 0),
(314, '空气刃', "Air Cutter", 7, 2, 60, 6, 95, 25, 0, 0, 1),
(315, '燃烧殆尽', "Overheat", 1, 2, 130, 1, 90, 5, 0, 0, 0),
(316, '嗅觉', "Odor Sleuth", 5, 0, 0, 1, 100, 40, 0, 0, 0),
(317, '岩石封', "Rock Tomb", 10, 1, 60, 1, 95, 15, 0, 0, 0),
(318, '银色之风', "Silver Wind", 8, 2, 60, 1, 100, 5, 0, 0, 0),
(319, '金属音', "Metal Sound", 12, 0, 0, 1, 85, 40, 0, 0, 0),
(320, '草笛', "Grass Whistle", 3, 0, 0, 1, 55, 15, 0, 0, 0),
(321, '挠痒', "Tickle", 5, 0, 0, 1, 100, 20, 0, 0, 0),
(322, '宇宙力量', "Cosmic Power", 14, 0, 0, 8, 101, 20, 0, 0, 0),
(323, '喷水', "Water Spout", 2, 2, 0, 6, 100, 5, 0, 0, 0),
(324, '信号光线', "Signal Beam", 8, 2, 75, 1, 100, 15, 0, 0, 0),
(325, '暗影拳', "Shadow Punch", 16, 1, 60, 1, 101, 20, 0, 0, 0),
(326, '神通力', "Extrasensory", 14, 2, 80, 1, 100, 20, 0, 0, 0),
(327, '升空拳', "Sky Uppercut", 6, 1, 85, 1, 90, 15, 0, 0, 0),
(328, '沙地狱', "Sand Tomb", 11, 1, 35, 1, 85, 15, 0, 0, 0),
(329, '绝对零度', "Sheer Cold", 13, 2, 1, 1, 30, 5, 0, 0, 0),
(330, '浊流', "Muddy Water", 2, 2, 90, 6, 85, 10, 0, 0, 0),
(331, '种子机枪', "Bullet Seed", 3, 1, 25, 1, 100, 30, 0, 25, 0),
(332, '燕返', "Aerial Ace", 7, 1, 60, 1, 101, 20, 0, 0, 0),
(333, '冰柱针', "Icicle Spear", 13, 1, 25, 1, 100, 30, 0, 25, 0),
(334, '铁壁', "Iron Defense", 12, 0, 0, 8, 101, 15, 0, 0, 0),
(335, '禁止通行', "Block", 5, 0, 0, 1, 100, 5, 0, 0, 0),
(336, '远吠', "Howl", 5, 0, 0, 8, 101, 40, 0, 0, 0),
(337, '龙之爪', "Dragon Claw", 17, 1, 80, 1, 100, 15, 0, 0, 0),
(338, '硬化植物', "Frenzy Plant", 3, 2, 150, 1, 90, 5, 0, 0, 0),
(339, '巨大化', "Bulk Up", 6, 0, 0, 8, 101, 20, 0, 0, 0),
(340, '飞跃', "Bounce", 7, 1, 85, 1, 85, 5, 0, 0, 0),
(341, '泥浆喷射', "Mud Shot", 11, 2, 55, 1, 95, 15, 0, 0, 0),
(342, '毒尾', "Poison Tail", 9, 1, 50, 1, 100, 25, 0, 0, 1),
(343, '索要', "Covet", 5, 1, 60, 1, 100, 25, 0, 0, 0),
(344, '高压电击', "Volt Tackle", 4, 1, 120, 1, 100, 15, 0, 0, 0),
(345, '魔叶斩', "Magical Leaf", 3, 2, 60, 1, 101, 20, 0, 0, 0),
(346, '玩水', "Water Sport", 2, 0, 0, 11, 100, 15, 0, 0, 0),
(347, '冥想', "Calm Mind", 14, 0, 0, 8, 101, 20, 0, 0, 0),
(348, '刃叶斩', "Leaf Blade", 3, 1, 90, 1, 100, 15, 0, 0, 1),
(349, '龙之舞', "Dragon Dance", 17, 0, 0, 8, 101, 20, 0, 0, 0),
(350, '岩石爆破', "Rock Blast", 10, 1, 25, 1, 90, 10, 0, 25, 0),
(351, '电击波', "Shock Wave", 4, 2, 60, 1, 101, 20, 0, 0, 0),
(352, '水之波动', "Water Pulse", 2, 2, 60, 1, 100, 20, 0, 0, 0),
(353, '破灭之愿', "Doom Desire", 12, 2, 140, 1, 100, 5, 0, 0, 0),
(354, '精神增压', "Psycho Boost", 14, 2, 140, 1, 90, 5, 0, 0, 0),
(355, '羽栖', "Roost", 7, 0, 0, 8, 101, 10, 0, 0, 0),
(356, '重力', "Gravity", 14, 0, 0, 11, 101, 5, 0, 0, 0),
(357, '奇迹之眼', "Miracle Eye", 14, 0, 0, 1, 101, 40, 0, 0, 0),
(358, '清醒拍打', "Wake-Up Slap", 6, 1, 70, 1, 100, 10, 0, 0, 0),
(359, '臂锤', "Hammer Arm", 6, 1, 100, 1, 90, 10, 0, 0, 0),
(360, '螺旋球', "Gyro Ball", 12, 1, 1, 1, 100, 5, 0, 0, 0),
(361, '治愈之愿', "Healing Wish", 14, 0, 0, 8, 101, 10, 0, 0, 0),
(362, '潮水', "Brine", 2, 2, 65, 1, 100, 10, 0, 0, 0),
(363, '自然恩惠', "Natural Gift", 5, 1, 1, 1, 100, 15, 0, 0, 0),
(364, '佯攻', "Feint", 5, 1, 30, 1, 100, 10, 2, 0, 0),
(365, '啄食', "Pluck", 7, 1, 60, 1, 100, 20, 0, 0, 0),
(366, '顺风', "Tailwind", 7, 0, 0, 13, 101, 15, 0, 0, 0),
(367, '点穴', "Acupressure", 5, 0, 0, 2, 101, 30, 0, 0, 0),
(368, '金属爆破', "Metal Burst", 12, 1, 1, 14, 100, 10, 0, 0, 0),
(369, '蜻蜓回转', "U-turn", 8, 1, 70, 1, 100, 20, 0, 0, 0),
(370, '近战', "Close Combat", 6, 1, 120, 1, 100, 5, 0, 0, 0),
(371, '报复', "Payback", 15, 1, 50, 1, 100, 10, 0, 0, 0),
(372, '连打', "Assurance", 15, 1, 60, 1, 100, 10, 0, 0, 0),
(373, '扣押', "Embargo", 15, 0, 0, 1, 100, 15, 0, 0, 0),
(374, '投掷', "Fling", 15, 1, 1, 1, 100, 10, 0, 0, 0),
(375, '精神转移', "Psycho Shift", 14, 0, 0, 1, 100, 10, 0, 0, 0),
(376, '王牌', "Trump Card", 5, 2, 1, 1, 101, 5, 0, 0, 0),
(377, '回复封印', "Heal Block", 14, 0, 0, 6, 100, 15, 0, 0, 0),
(378, '绞紧', "Wring Out", 5, 2, 1, 1, 100, 5, 0, 0, 0),
(379, '力量戏法', "Power Trick", 14, 0, 0, 8, 101, 10, 0, 0, 0),
(380, '胃液', "Gastro Acid", 9, 0, 0, 1, 100, 10, 0, 0, 0),
(381, '咒语', "Lucky Chant", 5, 0, 0, 13, 101, 30, 0, 0, 0),
(382, '先取', "Me First", 5, 0, 1, 4, 101, 20, 0, 0, 0),
(383, '效仿', "Copycat", 5, 0, 0, 8, 101, 20, 0, 0, 0),
(384, '力量交换', "Power Swap", 14, 0, 0, 1, 101, 10, 0, 0, 0),
(385, '防御交换', "Guard Swap", 14, 0, 0, 1, 101, 10, 0, 0, 0),
(386, '惩罚', "Punishment", 15, 1, 1, 1, 100, 5, 0, 0, 0),
(387, '最终手段', "Last Resort", 5, 1, 140, 1, 100, 5, 0, 0, 0),
(388, '烦恼种子', "Worry Seed", 3, 0, 0, 1, 100, 10, 0, 0, 0),
(389, '偷袭', "Sucker Punch", 15, 1, 80, 1, 100, 5, 1, 0, 0),
(390, '毒菱', "Toxic Spikes", 9, 0, 0, 12, 101, 20, 0, 0, 0),
(391, '心灵交换', "Heart Swap", 14, 0, 0, 1, 101, 10, 0, 0, 0),
(392, '液态圈', "Aqua Ring", 2, 0, 0, 8, 101, 20, 0, 0, 0),
(393, '电磁浮游', "Magnet Rise", 4, 0, 0, 8, 101, 10, 0, 0, 0),
(394, '火焰驱进', "Flare Blitz", 1, 1, 120, 1, 100, 15, 0, 0, 0),
(395, '发劲', "Force Palm", 6, 1, 60, 1, 100, 10, 0, 0, 0),
(396, '波导弹', "Aura Sphere", 6, 2, 80, 1, 101, 20, 0, 0, 0),
(397, '岩切', "Rock Polish", 10, 0, 0, 8, 101, 20, 0, 0, 0),
(398, '毒突', "Poison Jab", 9, 1, 80, 1, 100, 20, 0, 0, 0),
(399, '恶之波动', "Dark Pulse", 15, 2, 80, 1, 100, 15, 0, 0, 0),
(400, '试刀', "Night Slash", 15, 1, 70, 1, 100, 15, 0, 0, 1),
(401, '水之尾', "Aqua Tail", 2, 1, 90, 1, 90, 10, 0, 0, 0),
(402, '种子爆弹', "Seed Bomb", 3, 1, 80, 1, 100, 15, 0, 0, 0),
(403, '空气切割', "Air Slash", 7, 2, 75, 1, 95, 15, 0, 0, 0),
(404, '十字剪', "X-Scissor", 8, 1, 80, 1, 100, 15, 0, 0, 0),
(405, '虫鸣', "Bug Buzz", 8, 2, 90, 1, 100, 10, 0, 0, 0),
(406, '龙之波动', "Dragon Pulse", 17, 2, 85, 1, 100, 10, 0, 0, 0),
(407, '龙之冲锋', "Dragon Rush", 17, 1, 100, 1, 75, 10, 0, 0, 0),
(408, '力量宝石', "Power Gem", 10, 2, 80, 1, 100, 20, 0, 0, 0),
(409, '吸取拳', "Drain Punch", 6, 1, 75, 1, 100, 10, 0, 0, 0),
(410, '真空波', "Vacuum Wave", 6, 2, 40, 1, 100, 30, 1, 0, 0),
(411, '气合弹', "Focus Blast", 6, 2, 120, 1, 70, 5, 0, 0, 0),
(412, '能量球', "Energy Ball", 3, 2, 90, 1, 100, 10, 0, 0, 0),
(413, '勇鸟', "Brave Bird", 7, 1, 120, 1, 100, 15, 0, 0, 0),
(414, '大地之力', "Earth Power", 11, 2, 90, 1, 100, 10, 0, 0, 0),
(415, '偷换', "Switcheroo", 15, 0, 0, 1, 100, 10, 0, 0, 0),
(416, '亿万冲击', "Giga Impact", 5, 1, 150, 1, 90, 5, 0, 0, 0),
(417, '阴谋', "Nasty Plot", 15, 0, 0, 8, 101, 20, 0, 0, 0),
(418, '子弹拳', "Bullet Punch", 12, 1, 40, 1, 100, 30, 1, 0, 0),
(419, '雪崩', "Avalanche", 13, 1, 60, 1, 100, 10, 0, 0, 0),
(420, '冰之砾', "Ice Shard", 13, 1, 40, 1, 100, 30, 1, 0, 0),
(421, '阴影爪', "Shadow Claw", 16, 1, 70, 1, 100, 15, 0, 0, 1),
(422, '雷之牙', "Thunder Fang", 4, 1, 65, 1, 95, 15, 0, 0, 0),
(423, '冰之牙', "Ice Fang", 13, 1, 65, 1, 95, 15, 0, 0, 0),
(424, '火之牙', "Fire Fang", 1, 1, 65, 1, 95, 15, 0, 0, 0),
(425, '影击', "Shadow Sneak", 16, 1, 40, 1, 100, 30, 1, 0, 0),
(426, '泥爆弹', "Mud Bomb", 11, 2, 65, 1, 85, 10, 0, 0, 0),
(427, '精神切割', "Psycho Cut", 14, 1, 70, 1, 100, 20, 0, 0, 1),
(428, '思念头槌', "Zen Headbutt", 14, 1, 80, 1, 90, 15, 0, 0, 0),
(429, '镜面射击', "Mirror Shot", 12, 2, 65, 1, 85, 10, 0, 0, 0),
(430, '光栅加农', "Flash Cannon", 12, 2, 80, 1, 100, 10, 0, 0, 0),
(431, '攀岩', "Rock Climb", 5, 1, 90, 1, 85, 20, 0, 0, 0),
(432, '除雾', "Defog", 7, 0, 0, 1, 101, 15, 0, 0, 0),
(433, '欺骗空间', "Trick Room", 14, 0, 0, 11, 101, 5, 0, 0, 0),
(434, '龙星群', "Draco Meteor", 17, 2, 130, 1, 90, 5, 0, 0, 0),
(435, '放电', "Discharge", 4, 2, 80, 5, 100, 15, 0, 0, 0),
(436, '喷烟', "Lava Plume", 1, 2, 80, 5, 100, 15, 0, 0, 0),
(437, '飞叶风暴', "Leaf Storm", 3, 2, 130, 1, 90, 5, 0, 0, 0),
(438, '强力鞭挞', "Power Whip", 3, 1, 120, 1, 85, 10, 0, 0, 0),
(439, '岩石炮', "Rock Wrecker", 10, 1, 150, 1, 90, 5, 0, 0, 0),
(440, '毒十字', "Cross Poison", 9, 1, 70, 1, 100, 20, 0, 0, 1),
(441, '粉尘射击', "Gunk Shot", 9, 1, 120, 1, 80, 5, 0, 0, 0),
(442, '铁头槌', "Iron Head", 12, 1, 80, 1, 100, 15, 0, 0, 0),
(443, '磁体炸弹', "Magnet Bomb", 12, 1, 60, 1, 101, 20, 0, 0, 0),
(444, '石刃', "Stone Edge", 10, 1, 100, 1, 80, 5, 0, 0, 1),
(445, '诱惑', "Captivate", 5, 0, 0, 6, 100, 20, 0, 0, 0),
(446, '秘密岩石', "Stealth Rock", 10, 0, 0, 12, 101, 20, 0, 0, 0),
(447, '草绳结', "Grass Knot", 3, 2, 1, 1, 100, 20, 0, 0, 0),
(448, '喋喋不休', "Chatter", 7, 2, 65, 1, 100, 20, 0, 0, 0),
(449, '制裁之砾', "Judgment", 5, 2, 100, 1, 100, 10, 0, 0, 0),
(450, '虫食', "Bug Bite", 8, 1, 60, 1, 100, 20, 0, 0, 0),
(451, '充电光线', "Charge Beam", 4, 2, 50, 1, 90, 10, 0, 0, 0),
(452, '木锤', "Wood Hammer", 3, 1, 120, 1, 100, 15, 0, 0, 0),
(453, '水流喷射', "Aqua Jet", 2, 1, 40, 1, 100, 20, 1, 0, 0),
(454, '攻击指令', "Attack Order", 8, 1, 90, 1, 100, 15, 0, 0, 1),
(455, '防御指令', "Defend Order", 8, 0, 0, 8, 101, 10, 0, 0, 0),
(456, '回复指令', "Heal Order", 8, 0, 0, 8, 101, 10, 0, 0, 0),
(457, '双刃头槌', "Head Smash", 10, 1, 150, 1, 80, 5, 0, 0, 0),
(458, '双重攻击', "Double Hit", 5, 1, 35, 1, 90, 10, 0, 22, 0),
(459, '时之咆哮', "Roar of Time", 17, 2, 150, 1, 90, 5, 0, 0, 0),
(460, '亚空切断', "Spacial Rend", 17, 2, 100, 1, 95, 5, 0, 0, 1),
(461, '新月之舞', "Lunar Dance", 14, 0, 0, 8, 101, 10, 0, 0, 0),
(462, '捏碎', "Crush Grip", 5, 1, 1, 1, 100, 5, 0, 0, 0),
(463, '熔岩风暴', "Magma Storm", 1, 2, 100, 1, 75, 5, 0, 0, 0),
(464, '黑洞', "Dark Void", 15, 0, 0, 6, 80, 10, 0, 0, 0),
(465, '闪耀种子', "Seed Flare", 3, 2, 120, 1, 85, 5, 0, 0, 0),
(466, '妖风', "Ominous Wind", 16, 2, 60, 1, 100, 5, 0, 0, 0),
(467, '影袭', "Shadow Force", 16, 1, 120, 1, 100, 5, 0, 0, 0),
(468, '磨爪', "Hone Claws", 15, 0, 0, 8, 101, 15, 0, 0, 0),
(469, '广域防御', "Wide Guard", 10, 0, 0, 13, 101, 10, 3, 0, 0),
(470, '防御平分', "Guard Split", 14, 0, 0, 1, 101, 10, 0, 0, 0),
(471, '力量平分', "Power Split", 14, 0, 0, 1, 101, 10, 0, 0, 0),
(472, '神奇空间', "Wonder Room", 14, 0, 0, 11, 101, 10, 0, 0, 0),
(473, '精神冲击', "Psyshock", 14, 2, 80, 1, 100, 10, 0, 0, 0),
(474, '毒液冲击', "Venoshock", 9, 2, 65, 1, 100, 10, 0, 0, 0),
(475, '身体净化', "Autotomize", 12, 0, 0, 8, 101, 15, 0, 0, 0),
(476, '愤怒之粉', "Rage Powder", 8, 0, 0, 8, 101, 20, 3, 0, 0),
(477, '念动力', "Telekinesis", 14, 0, 0, 1, 101, 15, 0, 0, 0),
(478, '魔术空间', "Magic Room", 14, 0, 0, 11, 101, 10, 0, 0, 0),
(479, '击坠', "Smack Down", 10, 1, 50, 1, 100, 15, 0, 0, 0),
(480, '山岚', "Storm Throw", 6, 1, 60, 1, 100, 10, 0, 0, 6),
(481, '爆裂火焰', "Flame Burst", 1, 2, 70, 1, 100, 15, 0, 0, 0),
(482, '淤泥波', "Sludge Wave", 9, 2, 95, 5, 100, 10, 0, 0, 0),
(483, '蝶之舞', "Quiver Dance", 8, 0, 0, 8, 101, 20, 0, 0, 0),
(484, '重量炸弹', "Heavy Slam", 12, 1, 1, 1, 100, 10, 0, 0, 0),
(485, '同调噪音', "Synchronoise", 14, 2, 120, 5, 100, 15, 0, 0, 0),
(486, '电球', "Electro Ball", 4, 2, 1, 1, 100, 10, 0, 0, 0),
(487, '浸水', "Soak", 2, 0, 0, 1, 100, 20, 0, 0, 0),
(488, '硝化冲锋', "Flame Charge", 1, 1, 50, 1, 100, 20, 0, 0, 0),
(489, '盘蜷', "Coil", 9, 0, 0, 8, 101, 20, 0, 0, 0),
(490, '下旋', "Low Sweep", 6, 1, 65, 1, 100, 20, 0, 0, 0),
(491, '酸性炸弹', "Acid Spray", 9, 2, 40, 1, 100, 20, 0, 0, 0),
(492, '诈骗', "Foul Play", 15, 1, 95, 1, 100, 15, 0, 0, 0),
(493, '单纯光线', "Simple Beam", 5, 0, 0, 1, 100, 15, 0, 0, 0),
(494, '变为同伴', "Entrainment", 5, 0, 0, 1, 100, 15, 0, 0, 0),
(495, '您先请', "After You", 5, 0, 0, 1, 101, 15, 0, 0, 0),
(496, '轮唱', "Round", 5, 2, 60, 1, 100, 15, 0, 0, 0),
(497, '回音', "Echoed Voice", 5, 2, 40, 1, 100, 15, 0, 0, 0),
(498, '循序渐进', "Chip Away", 5, 1, 70, 1, 100, 20, 0, 0, 0),
(499, '净化之雾', "Clear Smog", 9, 2, 50, 1, 101, 15, 0, 0, 0),
(500, '援助力量', "Stored Power", 14, 2, 20, 1, 100, 10, 0, 0, 0),
(501, '快速防御', "Quick Guard", 6, 0, 0, 13, 101, 15, 3, 0, 0),
(502, '位置交换', "Ally Switch", 14, 0, 0, 8, 101, 15, 1, 0, 0),
(503, '沸水', "Scald", 2, 2, 80, 1, 100, 15, 0, 0, 0),
(504, '破壳而出', "Shell Smash", 5, 0, 0, 8, 101, 15, 0, 0, 0),
(505, '治愈波动', "Heal Pulse", 14, 0, 0, 1, 101, 10, 0, 0, 0),
(506, '厄运', "Hex", 16, 2, 65, 1, 100, 10, 0, 0, 0),
(507, '自由下落', "Sky Drop", 7, 1, 60, 1, 100, 10, 0, 0, 0),
(508, '齿轮变换', "Shift Gear", 12, 0, 0, 8, 101, 10, 0, 0, 0),
(509, '仰投', "Circle Throw", 6, 1, 60, 1, 90, 10, 0, 0, 0),
(510, '燃尽', "Incinerate", 1, 2, 60, 6, 100, 15, 0, 0, 0),
(511, '押后', "Quash", 15, 0, 0, 1, 100, 15, 0, 0, 0),
(512, '杂耍', "Acrobatics", 7, 1, 55, 1, 100, 15, 0, 0, 0),
(513, '镜面属性', "Reflect Type", 5, 0, 0, 1, 101, 15, 0, 0, 0),
(514, '报仇', "Retaliate", 5, 1, 70, 1, 100, 5, 0, 0, 0),
(515, '豁命攻击', "Final Gambit", 6, 2, 1, 1, 100, 5, 0, 0, 0),
(516, '传递礼物', "Bestow", 5, 0, 0, 1, 101, 15, 0, 0, 0),
(517, '炼狱', "Inferno", 1, 2, 100, 1, 50, 5, 0, 0, 0),
(518, '水之誓', "Water Pledge", 2, 2, 80, 1, 100, 10, 0, 0, 0),
(519, '火之誓', "Fire Pledge", 1, 2, 80, 1, 100, 10, 0, 0, 0),
(520, '草之誓', "Grass Pledge", 3, 2, 80, 1, 100, 10, 0, 0, 0),
(521, '闪电交替', "Volt Switch", 4, 2, 70, 1, 100, 20, 0, 0, 0),
(522, '虫之抵抗', "Struggle Bug", 8, 2, 50, 6, 100, 20, 0, 0, 0),
(523, '压路', "Bulldoze", 11, 1, 60, 5, 100, 20, 0, 0, 0),
(524, '冰之吐息', "Frost Breath", 13, 2, 60, 1, 90, 10, 0, 0, 6),
(525, '龙之尾', "Dragon Tail", 17, 1, 60, 1, 90, 10, 0, 0, 0),
(526, '鼓舞士气', "Work Up", 5, 0, 0, 8, 101, 30, 0, 0, 0),
(527, '电网', "Electroweb", 4, 2, 55, 6, 95, 15, 0, 0, 0),
(528, '野性电击', "Wild Charge", 4, 1, 90, 1, 100, 15, 0, 0, 0),
(529, '钻头直击', "Drill Run", 11, 1, 80, 1, 95, 10, 0, 0, 1),
(530, '连环切击', "Dual Chop", 17, 1, 40, 1, 90, 15, 0, 22, 0),
(531, '心灵压迫', "Heart Stamp", 14, 1, 60, 1, 100, 25, 0, 0, 0),
(532, '木角', "Horn Leech", 3, 1, 75, 1, 100, 10, 0, 0, 0),
(533, '神圣之剑', "Sacred Sword", 6, 1, 90, 1, 100, 15, 0, 0, 0),
(534, '贝壳刃', "Razor Shell", 2, 1, 75, 1, 95, 10, 0, 0, 0),
(535, '热践踏', "Heat Crash", 1, 1, 1, 1, 100, 10, 0, 0, 0),
(536, '草旋风', "Leaf Tornado", 3, 2, 65, 1, 90, 10, 0, 0, 0),
(537, '坚硬滚动', "Steamroller", 8, 1, 65, 1, 100, 20, 0, 0, 0),
(538, '棉花防御', "Cotton Guard", 3, 0, 0, 8, 101, 10, 0, 0, 0),
(539, '暗夜爆破', "Night Daze", 15, 2, 85, 1, 95, 10, 0, 0, 0),
(540, '精神破坏', "Psystrike", 14, 2, 100, 1, 100, 10, 0, 0, 0),
(541, '扫荡拍打', "Tail Slap", 5, 1, 25, 1, 85, 10, 0, 25, 0),
(542, '暴风', "Hurricane", 7, 2, 110, 1, 70, 10, 0, 0, 0),
(543, '阿弗罗撞击', "Head Charge", 5, 1, 120, 1, 100, 15, 0, 0, 0),
(544, '齿轮飞盘', "Gear Grind", 12, 1, 50, 1, 85, 15, 0, 22, 0),
(545, '火焰弹', "Searing Shot", 1, 2, 100, 5, 100, 5, 0, 0, 0),
(546, '科技爆破', "Techno Blast", 5, 2, 120, 1, 100, 5, 0, 0, 0),
(547, '古代之歌', "Relic Song", 5, 2, 75, 6, 100, 10, 0, 0, 0),
(548, '神秘之剑', "Secret Sword", 6, 2, 85, 1, 100, 10, 0, 0, 0),
(549, '冰封世界', "Glaciate", 13, 2, 65, 6, 95, 10, 0, 0, 0),
(550, '雷击', "Bolt Strike", 4, 1, 130, 1, 85, 5, 0, 0, 0),
(551, '青色火焰', "Blue Flare", 1, 2, 130, 1, 85, 5, 0, 0, 0),
(552, '火焰之舞', "Fiery Dance", 1, 2, 80, 1, 100, 10, 0, 0, 0),
(553, '冰结电击', "Freeze Shock", 13, 1, 140, 1, 90, 5, 0, 0, 0),
(554, '冰冷闪光', "Ice Burn", 13, 2, 140, 1, 90, 5, 0, 0, 0),
(555, '大喊', "Snarl", 15, 2, 55, 6, 95, 15, 0, 0, 0),
(556, '冰柱坠落', "Icicle Crash", 13, 1, 85, 1, 90, 10, 0, 0, 0),
(557, '创造胜利', "V-create", 1, 1, 180, 1, 95, 5, 0, 0, 0),
(558, '交织火焰', "Fusion Flare", 1, 2, 100, 1, 100, 5, 0, 0, 0),
(559, '交织闪电', "Fusion Bolt", 4, 1, 100, 1, 100, 5, 0, 0, 0),
(560, '飞行压制', "Flying Press", 6, 1, 80, 0, 95, 10, 0, 0, 0),
(561, '叠返', "Mat Block", 6, 0, 0, 0, 101, 10, 0, 0, 0),
(562, '打嗝', "Belch", 9, 2, 120, 0, 90, 10, 0, 0, 0),
(563, '耕地', "Rototiller", 11, 0, 0, 0, 101, 10, 0, 0, 0),
(564, '黏网', "Sticky Web", 8, 0, 0, 0, 101, 20, 0, 0, 0),
(565, '终结针刺', "Fell Stinger", 8, 1, 30, 0, 100, 25, 0, 0, 0),
(566, '幽灵潜袭', "Phantom Force", 16, 1, 90, 0, 100, 10, 0, 0, 0),
(567, '万圣节捣蛋', "Trick-or-Treat", 16, 0, 0, 0, 100, 20, 0, 0, 0),
(568, '咆哮', "Noble Roar", 5, 0, 0, 0, 100, 30, 0, 0, 0),
(569, '离子倾泻', "Ion Deluge", 4, 0, 0, 0, 101, 25, 1, 0, 0),
(570, '抛物式充电', "Parabolic Charge", 4, 2, 50, 0, 100, 20, 0, 0, 0),
(571, '森林诅咒', "Forest's Curse", 3, 0, 0, 0, 100, 20, 0, 0, 0),
(572, '花吹雪', "Petal Blizzard", 3, 1, 90, 0, 100, 15, 0, 0, 0),
(573, '冷冻干燥', "Freeze-Dry", 13, 2, 70, 0, 100, 20, 0, 0, 0),
(574, '魅力声音', "Disarming Voice", 18, 2, 40, 0, 101, 15, 0, 0, 0),
(575, '退场台词', "Parting Shot", 15, 0, 0, 0, 100, 20, 0, 0, 0),
(576, '翻转', "Topsy-Turvy", 15, 0, 0, 0, 100, 20, 0, 0, 0),
(577, '吸收之吻', "Draining Kiss", 18, 2, 50, 0, 100, 10, 0, 0, 0),
(578, '欺诈防御', "Crafty Shield", 18, 0, 0, 0, 101, 10, 3, 0, 0),
(579, '鲜花防御', "Flower Shield", 18, 0, 0, 0, 101, 10, 0, 0, 0),
(580, '绿草场地', "Grassy Terrain", 3, 0, 0, 0, 101, 10, 0, 0, 0),
(581, '迷雾场地', "Misty Terrain", 18, 0, 0, 0, 101, 10, 0, 0, 0),
(582, '送电', "Electrify", 4, 0, 0, 0, 101, 20, 0, 0, 0),
(583, '嬉闹', "Play Rough", 18, 1, 90, 0, 90, 10, 0, 0, 0),
(584, '妖精之风', "Fairy Wind", 18, 2, 40, 0, 101, 30, 0, 0, 0),
(585, '月爆', "Moonblast", 18, 2, 95, 0, 100, 15, 0, 0, 0),
(586, '爆音波', "Boomburst", 5, 2, 140, 0, 100, 10, 0, 0, 0),
(587, '妖精之锁', "Fairy Lock", 18, 0, 0, 0, 101, 10, 0, 0, 0),
(588, '王者之盾', "King's Shield", 12, 0, 0, 0, 101, 10, 3, 0, 0),
(589, '好好相处', "Play Nice", 5, 0, 0, 0, 101, 20, 0, 0, 0),
(590, '私密话', "Confide", 5, 0, 0, 0, 101, 20, 0, 0, 0),
(591, '钻石风暴', "Diamond Storm", 10, 1, 100, 0, 95, 5, 0, 0, 0),
(592, '蒸汽喷发', "Steam Eruption", 2, 2, 110, 0, 95, 5, 0, 0, 0),
(593, '', "Hyperspace Fury", 14, 2, 80, 0, 101, 5, 0, 0, 0),
(594, '水之手里剑', "Water Shuriken", 2, 1, 15, 0, 100, 20, 1, 0, 0),
(595, '魔法火焰', "Mystical Fire", 1, 2, 65, 0, 100, 10, 0, 0, 0),
(596, '棘刺防御', "Spiky Shield", 3, 0, 0, 0, 101, 10, 4, 0, 0),
(597, '芳香迷雾', "Aromatic Mist", 18, 0, 0, 0, 101, 20, 0, 0, 0),
(598, '怪电波', "Eerie Impulse", 4, 0, 0, 0, 100, 15, 0, 0, 0),
(599, '毒液陷阱', "Venom Drench", 9, 0, 0, 0, 100, 20, 0, 0, 0),
(600, '粉尘', "Powder", 8, 0, 0, 0, 100, 20, 1, 0, 0),
(601, '大地控制', "Geomancy", 18, 0, 0, 0, 101, 10, 0, 0, 0),
(602, '磁场操作', "Magnetic Flux", 4, 0, 0, 0, 101, 20, 0, 0, 0),
(603, '开心时间', "Happy Hour", 5, 0, 0, 0, 101, 30, 0, 0, 0),
(604, '电流场地', "Electric Terrain", 4, 0, 0, 0, 101, 10, 0, 0, 0),
(605, '魔法闪光', "Dazzling Gleam", 18, 2, 80, 0, 100, 10, 0, 0, 0),
(606, '庆祝', "Celebrate", 5, 0, 0, 0, 101, 40, 0, 0, 0),
(607, '手牵手', "Hold Hands", 5, 0, 0, 0, 101, 40, 0, 0, 0),
(608, '可爱目光', "Baby-Doll Eyes", 18, 0, 0, 0, 100, 30, 1, 0, 0),
(609, '脸颊磨蹭', "Nuzzle", 4, 1, 20, 0, 100, 20, 0, 0, 0),
(610, '手下留情', "Hold Back", 5, 1, 40, 0, 100, 40, 0, 0, 0),
(611, '虫群缠身', "Infestation", 8, 2, 20, 0, 100, 20, 0, 0, 0),
(612, '增强拳', "Power-Up Punch", 6, 1, 40, 0, 100, 20, 0, 0, 0),
(613, '死亡之翼', "Oblivion Wing", 7, 2, 80, 0, 100, 10, 0, 0, 0),
(614, '千支箭', "Thousand Arrows", 11, 1, 90, 0, 100, 10, 0, 0, 0),
(615, '千层浪', "Thousand Waves", 11, 1, 90, 0, 100, 10, 0, 0, 0),
(616, '大地原力', "Land's Wrath", 11, 1, 90, 0, 100, 10, 0, 0, 0),
(617, '毁灭之光', "Light of Ruin", 18, 2, 140, 0, 90, 5, 0, 0, 0),
(618, '根源波动', "Origin Pulse", 2, 2, 110, 0, 85, 10, 0, 0, 0),
(619, '断崖之剑', "Precipice Blades", 11, 1, 120, 0, 85, 10, 0, 0, 0),
(620, '画龙点睛', "Dragon Ascent", 7, 1, 120, 0, 100, 5, 0, 0, 0),
(621, '异次元暴怒', "Hyperspace Fury", 15, 1, 100, 0, 101, 5, 0, 0, 0),
